0.000000
0.000000
0.000000
0.000000
0.305000
0.305000
0.305000
0.305000
0.305000
0.305000
0.305000
0.305000
0.305000
0.305000
0.305000
0.305000
0.305000
0.305000
0.305000
0.305000
0.305000
0.305000
0.305000
0.305000
0.305000
0.305000
0.305000
0.305000
0.305000
0.305000
0.305000
0.305000
0.305000
0.305000
0.305000
0.305000
0.305000
0.305000
0.305000
0.305000
0.305000
0.305000
0.305000
0.305000
0.305000
0.305000
0.305000
0.305000
0.305000
0.305000
0.305000
0.305000
0.326850
0.326850
0.326850
0.326850
0.326850
0.326850
0.326850
0.326850
0.348700
0.370550
0.370550
0.370550
0.370550
0.370550
0.414250
0.436100
0.436100
0.457950
0.457950
0.457950
0.501650
0.501650
0.523500
0.567200
0.567200
0.567200
0.589050
0.589050
0.589050
0.610900
0.610900
0.632750
0.632750
0.654600
0.654600
0.676450
0.698300
0.720150
0.720150
0.742000
0.742000
0.763850
0.763850
0.785700
0.785700
0.785700
0.807550
0.807550
0.829400
0.851250
0.894950
0.916800
0.916800
0.916800
0.916800
0.916800
0.916800
0.938650
0.960500
0.960500
0.982350
0.982350
0.982350
1.004200
1.004200
1.004200
1.004200
1.004200
1.004200
1.026000
1.026000
1.047900
1.047900
1.069700
1.091600
1.091600
1.091600
1.091600
1.113400
1.113400
1.135300
1.157100
1.157100
1.157100
1.179000
1.179000
1.179000
1.179000
1.200800
1.222700
1.222700
1.222700
1.222700
1.222700
1.222700
1.222700
1.222700
1.244500
1.244500
1.244500
1.244500
1.266400
1.266400
1.266400
1.288200
1.288200
1.288200
1.288200
1.288200
1.310100
1.310100
1.310100
1.310100
1.310100
1.331900
1.353800
1.353800
1.353800
1.353800
1.353800
1.353800
1.375600
1.375600
1.375600
1.375600
1.397500
1.397500
1.397500
1.397500
1.397500
1.419300
1.419300
1.419300
1.419300
1.419300
1.419300
1.441200
1.441200
1.463000
1.463000
1.463000
1.463000
1.463000
1.463000
1.463000
1.484900
1.484900
1.484900
1.484900
1.506700
1.506700
1.506700
1.506700
1.506700
1.528600
1.528600
1.528600
1.528600
1.528600
1.528600
1.528600
1.528600
1.528600
1.528600
1.550400
1.550400
1.550400
1.550400
1.550400
1.572300
1.572300
1.572300
1.572300
1.572300
1.572300
1.572300
1.572300
1.594100
1.594100
1.594100
1.594100
1.616000
1.616000
1.616000
1.616000
1.637800
1.637800
1.637800
1.637800
1.637800
1.637800
1.637800
1.637800
1.637800
1.637800
1.637800
1.681500
1.681500
1.681500
1.681500
1.681500
1.681500
1.681500
1.681500
1.681500
1.703400
1.703400
1.703400
1.703400
1.703400
1.703400
1.725200
1.747100
1.747100
1.747100
1.747100
1.768900
1.790800
1.790800
1.790800
1.790800
1.790800
1.812600
1.812600
1.812600
1.834500
1.834500
1.834500
1.834500
1.834500
1.834500
1.834500
1.834500
1.834500
1.856300
1.856300
1.856300
1.878200
1.878200
1.878200
1.878200
1.900000
1.900000
1.900000
1.921900
1.921900
1.921900
1.921900
1.943700
1.943700
1.943700
1.943700
1.965600
1.965600
1.965600
1.965600
1.987400
1.987400
1.987400
1.987400
1.987400
1.987400
1.987400
1.987400
1.987400
1.987400
1.987400
1.987400
2.009300
2.009300
2.009300
2.009300
2.009300
2.009300
2.009300
2.009300
2.009300
2.009300
2.009300
2.031100
2.031100
2.031100
2.031100
2.031100
2.053000
2.053000
2.053000
2.053000
2.053000
2.053000
2.053000
2.053000
2.053000
2.074800
2.074800
2.074800
2.074800
2.074800
2.074800
2.074800
2.074800
2.074800
2.074800
2.096700
2.096700
2.096700
2.096700
2.096700
2.096700
2.096700
2.096700
2.096700
2.118500
2.118500
2.118500
2.118500
2.118500
2.140400
2.140400
2.140400
2.140400
2.140400
2.140400
2.140400
2.162200
2.162200
2.162200
2.162200
2.162200
2.184100
2.184100
2.184100
2.184100
2.184100
2.205900
2.205900
2.205900
2.205900
2.205900
2.205900
2.227800
2.227800
2.227800
2.227800
2.227800
2.227800
2.227800
2.227800
2.227800
2.249600
2.249600
2.249600
2.249600
2.249600
2.249600
2.249600
2.249600
2.249600
2.271500
2.271500
2.271500
2.271500
2.271500
2.271500
2.271500
2.271500
2.293300
2.293300
2.293300
2.293300
2.293300
2.293300
2.315200
2.315200
2.315200
2.315200
2.315200
2.315200
2.337000
2.337000
2.337000
2.337000
2.337000
2.358900
2.358900
2.358900
2.358900
2.358900
2.358900
2.358900
2.358900
2.380700
2.380700
2.380700
2.380700
2.402600
2.402600
2.402600
2.402600
2.402600
2.402600
2.402600
2.424400
2.424400
2.424400
2.424400
2.424400
2.424400
2.424400
2.424400
2.424400
2.446300
2.446300
2.446300
2.446300
2.446300
2.468100
2.468100
2.468100
2.490000
2.490000
2.490000
2.490000
2.490000
2.511800
2.511800
2.511800
2.511800
2.511800
2.511800
2.533700
2.533700
2.533700
2.533700
2.555500
2.555500
2.555500
2.555500
2.555500
2.555500
2.555500
2.555500
2.555500
2.555500
2.577400
2.577400
2.577400
2.577400
2.577400
2.599200
2.621100
2.621100
2.621100
2.621100
2.642900
2.642900
2.642900
2.664800
2.664800
2.664800
2.664800
2.664800
2.708500
2.708500
2.708500
2.708500
2.730300
2.730300
2.730300
2.730300
2.730300
2.730300
2.730300
2.752200
2.752200
2.752200
2.752200
2.752200
2.752200
2.774000
2.774000
2.774000
2.795900
2.795900
2.795900
2.795900
2.795900
2.817700
2.817700
2.817700
2.817700
2.817700
2.839600
2.839600
2.839600
2.839600
2.861400
2.861400
2.861400
2.883300
2.883300
2.883300
2.883300
2.905100
2.905100
2.905100
2.905100
2.905100
2.905100
2.905100
2.927000
2.927000
2.927000
2.927000
2.927000
2.927000
2.948800
2.948800
2.948800
2.948800
2.948800
2.948800
2.970700
2.970700
2.970700
2.992500
3.014400
3.014400
3.014400
3.036200
3.036200
3.036200
3.036200
3.058100
3.058100
3.058100
3.058100
3.058100
3.058100
3.079900
3.079900
3.079900
3.079900
3.101800
3.101800
3.101800
3.101800
3.101800
3.101800
3.123600
3.123600
3.123600
3.123600
3.123600
3.145500
3.145500
3.145500
3.145500
3.145500
3.145500
3.145500
3.167300
3.167300
3.167300
3.189200
3.189200
3.189200
3.189200
3.211000
3.211000
3.211000
3.211000
3.232900
3.232900
3.232900
3.232900
3.232900
3.232900
3.254700
3.254700
3.254700
3.254700
3.254700
3.254700
3.254700
3.254700
3.254700
3.276600
3.276600
3.276600
3.276600
3.298400
3.298400
3.298400
3.320300
3.320300
3.320300
3.320300
3.320300
3.342100
3.342100
3.342100
3.342100
3.342100
3.364000
3.364000
3.364000
3.364000
3.364000
3.364000
3.364000
3.364000
3.385800
3.385800
3.385800
3.385800
3.407700
3.407700
3.407700
3.407700
3.407700
3.429500
3.429500
3.429500
3.429500
3.429500
3.429500
3.429500
3.429500
3.429500
3.429500
3.429500
3.451400
3.451400
3.451400
3.451400
3.473200
3.473200
3.473200
3.473200
3.473200
3.495100
3.495100
3.495100
3.495100
3.495100
3.495100
3.495100
3.495100
3.495100
3.516900
3.516900
3.516900
3.516900
3.516900
3.516900
3.516900
3.516900
3.516900
3.516900
3.538800
3.538800
3.538800
3.538800
3.538800
3.538800
3.538800
3.560600
3.560600
3.560600
3.560600
3.560600
3.560600
3.582500
3.582500
3.582500
3.582500
3.582500
3.582500
3.582500
3.582500
3.604300
3.604300
3.604300
3.626200
3.626200
3.626200
3.626200
3.626200
3.626200
3.648000
3.648000
3.648000
3.648000
3.648000
3.669900
3.669900
3.669900
3.669900
3.669900
3.691700
3.691700
3.691700
3.691700
3.691700
3.691700
3.691700
3.691700
3.691700
3.713600
3.713600
3.713600
3.713600
3.713600
3.713600
3.713600
3.713600
3.735400
3.735400
3.735400
3.735400
3.735400
3.735400
3.735400
3.757300
3.757300
3.757300
3.757300
3.757300
3.757300
3.757300
3.757300
3.757300
3.779100
3.779100
3.779100
3.779100
3.779100
3.779100
3.779100
3.779100
3.801000
3.801000
3.801000
3.801000
3.801000
3.801000
3.801000
3.801000
3.801000
3.801000
3.822800
3.822800
3.822800
3.822800
3.822800
3.822800
3.822800
3.822800
3.822800
3.822800
3.822800
3.822800
3.844700
3.844700
3.844700
3.844700
3.844700
3.844700
3.844700
3.844700
3.866500
3.866500
3.866500
3.866500
3.866500
3.866500
3.866500
3.888400
3.888400
3.888400
3.888400
3.888400
3.888400
3.888400
3.888400
3.910200
3.910200
3.910200
3.910200
3.932100
3.932100
3.932100
3.932100
3.932100
3.932100
3.932100
3.932100
3.953900
3.953900
3.953900
3.953900
3.953900
3.953900
3.953900
3.953900
3.953900
3.953900
3.953900
3.953900
3.953900
3.953900
3.975800
3.975800
3.975800
3.997600
3.997600
3.997600
3.997600
3.997600
3.997600
4.019500
4.019500
4.019500
4.019500
4.019500
4.019500
4.019500
4.019500
4.019500
4.019500
4.041300
4.041300
4.041300
4.041300
4.063200
4.063200
4.063200
4.063200
4.063200
4.063200
4.063200
4.063200
4.063200
4.063200
4.063200
4.063200
4.063200
4.063200
4.085000
4.085000
4.085000
4.085000
4.085000
4.085000
4.085000
4.085000
4.085000
4.085000
4.085000
4.085000
4.085000
4.085000
4.106900
4.106900
4.106900
4.106900
4.106900
4.106900
4.128700
4.128700
4.128700
4.128700
4.128700
4.128700
4.150600
4.150600
4.150600
4.150600
4.150600
4.150600
4.150600
4.150600
4.150600
4.150600
4.172400
4.172400
4.172400
4.172400
4.194300
4.194300
4.194300
4.194300
4.194300
4.194300
4.194300
4.216100
4.216100
4.216100
4.216100
4.216100
4.216100
4.216100
4.216100
4.238000
4.238000
4.238000
4.238000
4.238000
4.238000
4.238000
4.238000
4.259800
4.259800
4.259800
4.259800
4.259800
4.259800
4.281700
4.281700
4.281700
4.281700
4.281700
4.281700
4.303500
4.303500
4.325400
4.325400
4.325400
4.325400
4.325400
4.325400
4.347200
4.347200
4.347200
4.347200
4.347200
4.347200
4.347200
4.347200
4.369100
4.369100
4.369100
4.369100
4.369100
4.390900
4.390900
4.390900
4.390900
4.390900
4.412800
4.412800
4.412800
4.434600
4.434600
4.456500
4.456500
4.456500
4.456500
4.456500
4.456500
4.456500
4.456500
4.456500
4.478300
4.478300
4.478300
4.500200
4.500200
4.500200
4.500200
4.500200
4.522000
4.543900
4.543900
4.543900
4.543900
4.543900
4.543900
4.543900
4.543900
4.543900
4.565700
4.565700
4.565700
4.565700
4.565700
4.565700
4.565700
4.587600
4.587600
4.587600
4.587600
4.587600
4.587600
4.587600
4.609400
4.609400
4.609400
4.631300
4.631300
4.631300
4.653100
4.653100
4.653100
4.653100
4.653100
4.675000
4.675000
4.675000
4.675000
4.675000
4.675000
4.675000
4.696800
4.696800
4.696800
4.696800
4.696800
4.718700
4.718700
4.718700
4.718700
4.718700
4.740500
4.740500
4.740500
4.740500
4.762400
4.762400
4.762400
4.762400
4.784200
4.784200
4.784200
4.784200
4.784200
4.806100
4.806100
4.827900
4.827900
4.827900
4.827900
4.827900
4.849800
4.849800
4.871600
4.871600
4.871600
4.871600
4.871600
4.893500
4.893500
4.893500
4.893500
4.915300
4.915300
4.915300
4.915300
4.915300
4.915300
4.915300
4.915300
4.937200
4.937200
4.959000
4.959000
4.959000
4.959000
4.959000
4.980900
4.980900
4.980900
4.980900
5.002700
5.002700
5.002700
5.002700
5.024600
5.024600
5.046400
5.046400
5.046400
5.046400
5.046400
5.046400
5.068300
5.068300
5.090100
5.090100
5.090100
5.090100
5.090100
5.112000
5.112000
5.112000
5.112000
5.112000
5.112000
5.133800
5.133800
5.133800
5.133800
5.133800
5.133800
5.155700
5.155700
5.155700
5.155700
5.155700
5.177500
5.177500
5.177500
5.177500
5.199400
5.199400
5.199400
5.199400
5.221200
5.221200
5.221200
5.243100
5.264900
5.264900
5.264900
5.264900
5.264900
5.286800
5.286800
5.286800
5.286800
5.286800
5.308600
5.308600
5.308600
5.308600
5.330500
5.330500
5.330500
5.330500
5.330500
5.352300
5.352300
5.352300
5.352300
5.374200
5.374200
5.374200
5.374200
5.374200
5.374200
5.417900
5.417900
5.417900
5.417900
5.439700
5.439700
5.439700
5.439700
5.439700
5.461600
5.461600
5.483400
5.505300
5.505300
5.505300
5.505300
5.505300
5.527100
5.527100
5.527100
5.527100
5.527100
5.549000
5.549000
5.549000
5.549000
5.549000
5.570800
5.570800
5.570800
5.592700
5.592700
5.592700
5.592700
5.614500
5.614500
5.636400
5.636400
5.636400
5.636400
5.636400
5.636400
5.636400
5.636400
5.636400
5.636400
5.658200
5.658200
5.658200
5.658200
5.680100
5.680100
5.680100
5.680100
5.680100
5.680100
5.680100
5.701900
5.701900
5.723800
5.723800
5.745600
5.745600
5.745600
5.745600
5.767500
5.767500
5.767500
5.767500
5.811200
5.811200
5.811200
5.811200
5.833000
5.833000
5.833000
5.833000
5.854900
5.854900
5.854900
5.854900
5.854900
5.854900
5.876700
5.876700
5.898600
5.898600
5.920400
5.920400
5.920400
5.942300
5.964100
5.964100
5.986000
5.986000
6.007800
6.007800
6.029700
6.029700
6.029700
6.029700
6.029700
6.051500
6.073400
6.095200
6.095200
6.095200
6.117100
6.117100
6.138900
6.138900
6.160800
6.160800
6.160800
6.160800
6.160800
6.160800
6.182600
6.182600
6.204500
6.226300
6.226300
6.248200
6.248200
6.270000
6.291900
6.291900
6.313700
6.313700
6.335600
6.335600
6.335600
6.335600
6.335600
6.357400
6.357400
6.357400
6.357400
6.379300
6.379300
6.379300
6.401100
6.401100
6.444800
6.444800
6.444800
6.444800
6.466700
6.466700
6.488500
6.488500
6.510400
6.510400
6.532200
6.575900
6.597800
6.597800
6.619600
6.663300
6.685200
6.707000
6.707000
6.772600
6.794400
6.794400
6.816300
6.838100
6.838100
6.860000
6.860000
6.881800
6.881800
6.881800
6.925500
6.925500
6.925500
6.947400
6.969200
6.969200
6.969200
7.078500
7.078500
7.078500
7.100300
7.144000
7.165900
7.187700
7.209600
7.253300
7.297000
7.318800
7.362500
7.362500
7.384400
7.471800
7.493600
7.515500
7.515500
7.515500
7.559200
7.581000
7.581000
7.581000
7.646600
7.668400
7.690300
7.690300
7.734000
7.799500
7.821400
7.843200
7.843200
7.908800
7.908800
7.908800
7.908800
7.908800
7.930600
7.930600
7.952500
7.974300
8.018000
8.039900
8.127300
8.127300
8.127300
8.127300
8.149100
8.171000
8.192800
8.214700
8.236500
8.280200
8.323900
8.411300
8.433200
8.455000
